190
95
93
78
88
182
51
137
2
101
123
198
113
168
143
140
217
236
246
139
63
78
58
36
105
18
76
147
80
120
91
51
208
225
133
189
4
181
221
150
158
248
110
76
142
247
248
27
147
115
21
167
66
48
137
197
90
80
167
153
210
25
95
179
184
64
166
47
238
24
202
29
190
241
56
33
123
25
204
242
65
199
201
202
16
43
230
152
55
210
170
112
220
95
210
99
163
68
59
132
163
241
54
59
68
248
132
164
24
212
253
69
197
89
42
38
111
78
92
141
240
17
103
140
186
42
26
236
121
155
40
193
104
134
46
40
163
0
241
216
151
168
10
75
236
129
219
1
201
98
230
133
138
1
143
64
212
43
101
191
35
61
251
71
1
135
66
60
106
6
138
108
37
200
224
216
68
64
76
233
240
111
154
32
118
210
34
223
224
208
21
201
210
59
133
201
118
231
214
12
19
174
117
154
155
180
202
111
220
1
63
164
35
15
201
90
1
128
190
180
80
16
134
207
217
250
254
102
90
123
67
82
126
4
81
151
13
147
42
255
215
2
132
182
123
151
61
83
202
166
180
43
158
200
139
214
62
84
109
221
235
164
201
210
14
133
143
104
233
48
30
30
215
201
11
44
116
233
79
126
192
163
168
118
245
240
60
217
181
17
230
195
73
18
232
41
229
110
1
148
39
33
88
20
137
120
159
27
3
153
153
3
229
1
165
133
24
245
64
221
158
202
8
92
126
157
16
161
16
219
219
86
217
11
249
144
238
217
231
171
7
101
4
41
61
129
74
154
189
194
237
252
81
231
204
251
142
241
56
243
223
103
235
234
63
145
65
252
241
157
38
85
145
102
100
165
214
226
39
143
38
155
143
193
173
247
184
227
142
129
248
27
77
223
211
183
95
186
202
88
113
250
190
154
126
206
179
239
210
64
224
93
120
38
178
119
144
228
70
249
158
69
29
139
51
147
172
173
87
150
55
176
177
24
77
148
171
46
119
188
31
244
248
222
252
24
254
96
129
246
143
28
152
138
58
214
68
2
90
12
132
228
109
219
213
202
165
140
10
76
31
192
76
82
129
183
15
232
41
255
75
208
94
189
202
78
223
23
50
134
170
4
18
166
76
80
56
250
66
179
244
182
223
152
48
142
82
170
210
225
62
168
225
140
227
65
218
205
178
237
32
7
86
178
165
39
98
61
73
46
216
82
102
5
31
74
11
80
54
66
30
52
102
188
120
116
10
240
76
107
126
9
188
120
175
145
254
104
61
61
48
169
189
37
94
124
160
201
210
175
239
16
198
204
89
0
140
117
82
98
193
111
210
96
209
33
125
134
157
109
234
20
79
29
94
177
128
193
244
51
173
172
160
234
132
181
27
34
53
165
28
7
2
100
72
50
39
206
204
153
215
37
86
108
73
181
95
42
228
12
192
143
95
79
169
198
179
108
36
0
175
94
60
150
206
18
22
92
202
182
93
131
98
150
106
63
77
17
131
47
134
73
209
236
253
69
174
239
137
3
117
154
52
33
199
66
204
91
81
128
142
195
99
246
129
41
67
157
129
230
153
237
21
21
227
198
98
209
76
26
188
237
12
162
7
151
245
160
116
254
33
88
24
194
29
174
219
120
27
92
176
231
139
193
153
109
88
98
233
62
182
132
180
39
203
222
117
155
205
93
55
229
118
127
68
117
203
211
218
244
135
149
69
109
249
253
245
111
193
137
213
51
150
137
92
240
207
4
80
64
240
129
188
245
202
36
46
157
75
0
110
193
245
98
229
196
77
178
67
184
203
91
63
9
76
237
196
115
8
184
171
157
10
159
146
76
141
23
253
173
206
181
102
89
133
128
202
178
75
139
209
103
3
56
141
157
54
37
33
41
29
56
67
144
242
185
48
169
58
213
117
83
120
85
180
104
32
151
38
166
110
8
185
110
178
187
126
142
110
66
201
76
19
216
3
168
6
226
18
134
236
252
145
82
188
110
209
190
31
238
106
35
141
60
251
177
77
123
87
254
194
77
64
9
180
104
127
1
31
1
137
81
224
194
75
246
69
70
19
139
205
98
71
1
207
31
35
153
230
152
37
106
46
213
187
243
153
169
119
51
89
7
222
151
243
104
116
210
101
9
112
77
17
189
175
214
176
211
51
153
168
19
30
134
23
136
88
61
195
136
186
175
189
81
77
34
37
13
144
231
205
30
68
59
148
153
89
171
83
90
61
248
221
29
193
39
165
251
124
71
34
147
91
91
170
142
118
143
131
136
158
3
165
116
190
43
58
148
252
111
65
146
212
140
204
233
169
12
143
100
108
125
118
134
172
130
165
163
12
128
77
155
40
211
243
52
81
215
26
75
103
244
161
233
70
206
230
100
84
239
143
169
91
223
223
54
128
251
234
92
141
2
164
15
8
218
212
177
212
246
191
184
9
222
120
237
210
97
171
174
111
44
205
140
106
37
21
224
141
197
240
186
177
39
88
20
2
108
13
156
150
236
0
227
14
255
10
77
230
89
214
122
36
149
218
80
95
115
192
21
127
225
112
149
141
143
1
56
5
122
81
217
60
238
229
105
7
21
134
94
32
251
249
66
35
138
183
212
33
176
168
145
55
218
150
46
101
127
228
163
48
1
129
176
182
236
172
168
174
42
25
99
255
26
52
22
121
148
251
176
186
220
107
174
60
148
60
81
12
210
152
18
107
30
212
181
110
151
164
111
149
199
43
155
159
143
115
23
238
189
177
10
63
74
144
179
34
61
235
188
24
156
15
241
0
14
53
214
81
54
122
208
89
143
47
20
9
98
214
79
31
31
81
227
79
19
162
182
232
58
108
115
74
108
184
43
244
187
226
211
94
105
164
2
102
154
147
120
169
77
247
60
99
154
184
65
243
74
109
149
56
217
191
142
23
217
230
125
230
193
242
116
91
44
126
231
155
236
142
18
209
92
105
92
169
121
224
35
87
128
229
132
107
254
96
156
32
17
191
214
249
209
98
46
39
24
211
145
238
31
34
91
195
23
196
23
253
137
196
81
56
125
62
133
226
203
49
214
248
223
96
120
252
28
205
165
94
15
132
75
7
240
119
239
51
148
84
109
13
229
1
137
201
181
155
141
80
208
167
230
80
224
141
118
159
222
215
30
110
227
99
126
83
243
100
232
126
126
138
243
33
139
180
52
93
185
148
133
156
94
196
252
10
158
206
141
13
48
58
216
149
4
58
45
197
229
66
10
24
56
248
241
228
108
174
255
181
241
123
44
143
232
99
159
214
2
9
30
36
106
166
185
111
239
118
189
206
121
225
165
176
1
150
4
236
68
105
186
99
250
127
41
175
234
183
113
81
147
41
235
50
35
144
4
78
72
18
120
226
209
248
170
69
197
10
161
83
107
240
82
154
253
92
49
149
35
6
67
183
27
209
55
138
199
112
4
231
31
46
243
224
136
210
160
252
105
161
75
174
233
40
104
83
53
249
154
218
167
175
116
189
144
9
191
128
40
131
29
154
199
202
157
52
172
236
40
200
94
43
89
63
65
23
59
251
250
220
201
21
81
47
120
109
221
28
30
164
162
192
73
172
199
237
64
213
122
32
28
172
64
250
149
95
198
213
84
28
157
225
225
160
31
205
4
194
42
74
236
26
79
203
38
142
229
254
111
129
246
242
167
98
53
60
118
92
172
20
157
155
157
131
97
88
205
123
108
113
122
245
136
38
12
84
53
135
157
171
127
196
219
193
119
9
140
154
107
170
53
171
117
19
244
59
170
155
57
183
237
241
73
153
10
154
32
106
109
13
22
88
0
136
153
101
233
163
43
171
248
102
13
176
195
108
17
120
254
51
236
141
29
148
174
169
161
175
56
14
230
168
147
98
130
227
71
173
231
15
134
203
68
208
51
10
9
227
207
53
86
26
104
148
22
250
197
105
92
204
207
108
124
106
172
139
5
86
65
172
153
122
27
207
156
225
251
126
124
139
156
22
124
115
17
33
99
95
171
178
121
118
53
7
45
1
137
48
65
46
196
35
160
254
29
42
106
116
155
17
2
19
142
29
102
35
23
109
106
71
9
86
22
54
164
63
232
155
154
73
122
167
112
46
199
233
144
195
82
141
80
12
115
238
165
244
120
165
47
249
173
40
84
110
193
154
21
88
44
68
147
129
184
80
42
249
138
104
247
193
223
45
86
222
70
129
11
186
46
169
227
153
185
94
137
12
55
104
142
40
58
23
157
122
207
148
92
180
174
50
181
220
115
167
156
194
144
22
126
56
194
152
237
231
84
71
85
184
180
99
48
178
213
10
200
104
39
180
202
8
80
39
255
54
225
191
64
64
160
119
255
23
19
126
218
29
58
10
64
95
83
214
30
66
155
32
166
208
172
149
84
26
26
71
223
166
42
226
10
166
82
16
61
141
161
156
148
121
199
141
92
237
180
14
121
91
229
61
209
185
232
108
251
216
72
123
47
24
228
207
126
253
192
174
24
76
27
127
36
104
11
148
240
147
244
202
105
82
105
54
210
67
10
249
46
242
124
229
185
189
129
104
216
122
206
204
221
167
85
91
116
158
42
190
76
165
131
103
35
132
136
67
23
143
89
227
57
245
128
132
107
242
82
252
132
249
220
185
181
134
61
244
183
53
82
96
0
160
165
78
86
82
140
95
102
13
218
197
250
99
23
204
194
212
53
53
69
175
108
179
29
98
212
153
186
57
68
179
36
255
6
196
154
145
1
246
241
226
99
114
89
77
42
184
34
193
183
38
187
212
152
208
76
192
197
221
223
255
204
13
71
61
93
132
13
90
183
177
56
226
183
168
193
83
199
49
227
69
109
254
141
158
65
64
84
87
72
238
221
179
67
74
160
92
127
150
163
76
182
158
128
42
233
223
56
154
111
105
113
62
104
162
11
240
210
185
143
244
158
76
139
136
17
206
113
242
254
129
52
133
150
112
43
238
182
5
69
33
31
177
63
126
33
201
43
43
146
34
182
231
231
235
35
125
173
215
245
64
80
185
9
21
55
12
25
84
146
81
112
28
22
3
91
244
143
245
72
22
182
246
133
178
211
143
181
156
77
179
83
228
213
214
15
17
64
78
141
134
140
200
246
154
145
210
251
126
229
160
91
37
106
138
185
149
190
66
36
241
241
108
238
33
131
234
138
191
207
120
169
150
19
33
181
239
169
32
231
29
255
11
65
212
111
183
196
78
78
99
15
13
240
161
236
64
58
1
2
168
165
10
178
65
112
72
117
206
33
201
74
60
195
230
140
154
197
150
208
1
173
71
76
183
147
156
214
97
53
84
6
24
231
246
20
55
69
165
60
244
110
184
106
210
220
2
69
205
162
7
33
131
101
79
2
232
229
24
197
108
101
166
216
113
235
71
31
138
209
20
184
193
102
133
74
217
28
165
191
197
248
140
158
36
13
84
236
115
44
99
2
5
125
204
88
69
217
168
1
5
0
39
161
138
17
134
221
194
199
100
182
95
218
22
32
27
179
54
109
216
167
66
98
121
135
197
24
54
199
5
176
106
101
85
30
59
236
86
121
183
71
218
251
91
56
198
135
215
14
180
68
241
43
39
118
48
20
200
3
36
54
25
54
0
74
78
44
251
93
127
100
140
115
184
224
194
208
47
145
225
86
7
83
62
224
31
52
5
165
118
210
44
150
89
244
187
253
35
75
175
107
82
69
208
203
236
82
227
76
146
116
119
152
232
231
252
248
100
70
190
161
20
19
108
131
145
52
61
110
108
22
245
125
20
20
127
61
28
65
195
220
186
220
56
189
33
215
182
146
181
0
28
197
252
194
238
213
197
71
87
196
97
250
17
3
78
204
74
134
155
222
53
64
197
16
51
70
219
88
106
111
187
110
164
137
146
206
197
140
196
135
39
139
233
160
229
88
225
190
105
147
245
238
137
179
148
210
33
131
165
73
76
174
16
30
87
249
153
214
214
250
168
113
118
132
102
243
198
165
44
67
114
40
108
250
6
71
168
67
145
62
162
38
152
223
114
92
141
176
239
82
193
2
162
30
175
124
124
137
38
13
199
3
35
97
104
186
165
209
176
207
177
67
143
1
30
90
239
195
250
224
133
244
125
237
36
135
135
226
95
155
163
39
190
165
117
228
254
0
111
180
243
76
191
40
77
79
137
58
100
138
95
201
125
120
147
126
212
120
71
247
198
71
237
229
173
113
225
108
176
136
82
195
73
238
30
207
106
126
29
54
194
118
32
236
130
38
163
6
20
145
204
6
170
134
89
168
238
197
75
102
248
157
116
131
117
184
233
99
157
77
10
8
154
187
92
187
190
23
22
76
240
41
36
155
32
238
173
101
229
84
62
148
231
9
48
120
205
112
82
95
95
65
222
78
182
20
10
104
218
106
146
44
73
121
100
146
196
39
120
179
117
11
117
244
13
14
74
23
62
110
62
98
110
187
132
144
9
145
32
124
98
177
74
43
190
177
97
116
98
13
171
14
0
200
209
207
115
78
4
190
149
248
160
213
92
223
220
121
161
100
171
129
58
194
112
29
142
139
22
211
248
146
50
252
201
156
215
142
214
84
36
72
47
211
205
179
101
31
203
180
207
155
236
86
206
246
206
13
182
99
77
247
206
193
248
82
245
99
57
243
155
33
115
238
83
107
32
26
4
252
38
238
177
233
15
125
182
51
32
70
182
135
36
248
11
79
233
2
27
112
186
163
19
241
190
51
197
120
58
31
160
237
162
129
201
69
214
246
113
8
55
127
180
97
159
175
13
173
85
192
252
110
50
141
64
172
119
176
100
194
111
7
229
114
92
25
105
156
86
101
126
214
31
82
145
151
16
247
231
163
40
156
164
84
61
38
140
127
59
50
177
196
39
75
87
41
82
255
193
19
39
4
74
161
235
5
250
125
165
47
243
234
11
150
151
127
176
68
141
122
31
181
119
21
200
50
93
135
196
21
43
200
12
7
45
43
90
176
146
92
126
89
40
81
49
216
82
106
125
13
79
155
139
208
53
124
165
94
229
83
135
117
236
211
220
58
29
185
242
164
188
60
87
32
73
14
166
75
115
25
172
85
130
154
224
180
135
169
24
37
174
95
113
96
32
21
2
239
106
54
133
10
192
203
82
157
221
6
46
14
233
146
53
248
110
150
149
118
247
49
193
220
88
210
53
168
252
39
165
227
43
97
125
48
45
147
114
186
223
129
75
235
43
49
193
60
244
90
114
145
93
245
3
171
184
85
187
17
137
160
196
181
179
78
156
130
123
176
21
230
169
75
176
230
83
27
210
218
72
65
43
203
38
73
38
129
151
88
12
203
219
21
16
108
208
229
254
27
151
215
195
98
166
159
174
85
14
255
90
188
220
16
112
106
56
102
123
117
251
172
102
252
160
134
136
220
188
51
163
87
16
217
183
27
132
41
45
250
205
127
180
231
73
3
203
41
161
221
143
156
111
93
144
115
116
127
244
202
149
12
138
176
30
248
66
121
19
144
95
94
58
218
122
14
176
161
48
140
199
90
209
74
153
42
243
97
9
119
240
115
48
163
220
131
254
79
188
253
6
114
63
234
31
50
184
92
40
161
22
3
86
181
214
174
223
110
218
165
2
47
57
144
161
117
255
66
93
169
167
60
12
129
105
243
9
183
153
78
230
198
240
111
202
69
130
77
229
33
222
177
56
156
207
113
20
198
223
248
135
216
217
189
241
67
88
246
246
131
75
108
89
241
192
0
200
170
218
212
78
87
14
219
53
194
171
173
142
228
208
60
204
57
242
25
226
15
200
170
84
164
95
79
43
20
83
234
200
228
192
85
161
40
217
48
74
158
133
247
122
46
212
103
253
86
130
125
8
132
1
74
245
211
237
152
25
110
173
220
144
186
192
243
221
220
252
130
216
22
95
103
152
110
21
170
76
61
89
213
48
95
55
84
35
54
106
46
109
26
63
244
199
45
148
156
22
108
60
30
230
105
147
89
197
73
167
75
71
114
42
132
239
54
223
44
122
96
248
42
175
182
135
26
63
196
115
86
121
26
109
234
105
103
228
206
238
254
202
201
110
206
217
39
220
160
156
167
136
8
18
131
106
122
104
74
29
249
255
182
201
135
18
181
28
180
240
36
59
54
100
62
57
250
33
85
161
177
251
23
227
31
82
229
236
104
43
0
28
67
210
36
132
223
222
125
29
64
26
241
116
90
171
51
253
127
233
163
83
85
254
54
204
158
120
42
155
199
131
36
207
18
90
229
13
58
161
112
192
52
185
222
176
97
135
61
16
98
85
16
224
126
93
94
28
106
157
24
127
130
185
79
68
197
26
73
65
85
143
122
48
215
149
122
101
50
170
133
40
128
178
159
224
234
140
125
201
200
116
147
110
141
32
250
55
221
123
88
81
28
101
166
23
62
242
137
224
224
17
239
186
49
144
14
178
166
77
197
163
36
154
126
116
207
186
28
140
154
213
222
85
117
4
243
240
104
182
229
85
77
203
36
41
18
26
100
176
29
66
249
12
123
134
143
39
115
205
0
62
238
24
139
68
81
147
234
124
16
252
191
225
100
84
97
90
44
30
79
111
44
64
134
201
145
220
36
68
244
67
167
83
22
182
97
213
199
249
186
252
184
36
186
243
195
162
123
131
158
146
192
213
147
115
228
108
6
243
143
55
154
159
47
253
128
127
31
173
92
232
96
162
175
146
177
110
192
234
50
249
68
150
186
32
63
18
192
245
100
173
147
141
36
52
226
86
251
53
87
218
35
40
149
188
244
194
68
28
60
118
60
81
137
8
141
51
138
0
235
128
223
167
113
154
136
63
210
240
50
158
247
178
198
42
113
11
14
191
188
136
104
139
114
105
241
223
225
123
175
16
182
47
85
112
252
72
63
205
25
0
6
192
231
95
149
134
129
194
92
183
208
192
161
95
45
140
113
7
241
48
90
100
184
20
174
76
71
124
13
35
246
1
223
89
157
200
225
90
180
192
245
201
105
162
34
76
91
248
174
48
144
203
239
234
18
87
134
6
87
126
100
63
95
8
50
249
86
161
224
39
3
242
93
165
4
4
15
152
14
43
118
128
203
119
54
245
35
127
203
177
102
164
164
208
37
83
124
159
235
195
248
118
28
99
97
52
95
228
226
20
114
193
26
236
168
76
120
158
21
154
67
75
46
147
90
181
197
202
228
195
120
157
159
8
198
251
85
57
192
107
170
5
102
180
22
117
80
218
45
127
154
94
66
167
78
49
9
188
19
206
97
45
69
164
54
207
46
18
76
148
165
128
95
220
99
92
219
107
204
68
61
232
224
250
57
21
202
239
13
254
47
251
84
98
76
35
135
110
123
166
222
146
94
231
141
132
88
191
179
79
17
80
133
67
20
22
238
12
32
239
225
77
41
220
252
167
202
155
28
105
230
90
174
218
82
123
28
132
70
129
160
90
54
203
148
96
119
224
198
226
19
232
124
53
204
18
226
17
209
14
253
235
95
103
183
13
77
131
231
52
195
94
198
240
200
221
216
132
74
21
101
91
149
96
16
214
41
255
156
234
194
10
142
238
196
53
9
236
94
148
154
107
10
23
151
42
152
185
249
119
80
86
0
149
211
102
237
17
134
107
150
90
90
204
106
206
12
74
163
156
236
78
118
248
176
94
71
123
16
136
156
52
169
80
22
28
235
214
191
193
246
98
30
73
131
46
112
253
94
73
43
205
225
231
24
167
209
178
33
36
33
102
190
255
103
23
173
239
129
246
102
188
244
87
133
144
237
70
50
29
102
59
131
219
210
146
35
110
129
254
214
157
134
113
192
72
226
3
176
41
106
235
239
113
221
49
63
198
15
225
7
130
47
69
74
223
204
22
131
50
160
92
137
208
130
129
228
119
220
191
181
97
184
152
24
244
61
236
237
101
212
182
30
212
34
164
0
182
87
46
5
52
107
20
123
88
224
84
180
38
136
97
49
93
98
142
63
71
203
10
81
133
161
150
245
241
98
122
35
98
164
117
124
141
149
88
50
167
214
53
2
15
121
205
235
128
32
200
93
176
18
82
68
13
83
206
249
93
97
112
169
30
31
25
88
128
176
30
202
6
121
59
140
34
92
96
230
221
196
81
87
132
14
236
232
8
210
100
165
73
89
67
49
6
223
135
126
16
152
1
112
218
223
160
24
143
114
245
141
125
254
244
194
171
212
127
85
61
3
110
117
9
141
225
71
149
222
178
35
2
151
234
62
34
115
70
234
130
52
95
166
228
180
252
137
156
137
141
62
177
128
60
167
123
246
48
131
222
170
7
170
245
173
139
58
35
247
135
92
72
160
243
255
198
195
101
31
146
243
69
113
19
199
68
56
199
218
199
52
225
238
228
45
179
213
208
35
148
189
6
231
191
18
91
78
104
29
236
16
84
22
122
194
11
71
132
58
224
112
135
169
243
246
8
44
178
111
198
159
40
191
83
245
1
26
7
191
16
47
44
115
60
205
97
8
1
207
58
163
152
193
111
153
234
212
225
189
119
66
199
213
45
32
63
162
161
111
201
234
139
147
20
47
51
46
155
245
104
82
234
30
7
14
92
206
0
247
124
60
102
96
139
56
119
222
44
110
254
17
159
101
179
229
169
124
136
246
254
44
73
38
107
104
39
80
83
212
247
111
174
20
253
2
101
158
196
237
248
87
145
26
126
177
90
197
28
8
249
160
240
72
232
179
252
81
111
16
94
164
78
224
33
187
0
222
184
138
131
176
210
103
2
213
154
21
88
183
152
161
41
162
79
146
151
201
85
92
62
146
56
102
196
206
101
7
58
129
127
93
45
39
125
152
140
7
168
69
215
167
43
169
46
129
109
64
86
61
157
47
254
251
93
49
82
125
142
194
241
241
138
30
238
25
154
193
53
181
56
233
139
176
173
196
255
173
86
196
92
82
158
237
233
190
220
162
177
207
13
224
205
246
29
13
212
19
237
227
188
194
246
191
97
160
253
128
160
154
183
77
166
178
210
90
61
177
172
122
212
164
151
58
203
203
39
229
0
142
212
150
144
66
193
31
247
185
98
16
96
204
252
130
216
40
58
96
192
208
33
110
131
155
195
149
116
125
97
4
142
130
245
161
20
84
62
131
193
159
25
153
49
23
211
245
147
110
203
221
216
195
241
90
197
82
247
193
147
157
152
139
150
185
173
109
36
5
166
160
31
40
6
11
245
38
75
222
43
249
183
114
19
100
250
60
163
167
145
63
200
189
136
7
8
92
49
254
103
55
8
112
200
101
95
30
242
130
79
173
0
218
67
169
52
149
212
211
255
232
185
202
61
37
102
241
191
115
15
36
22
222
243
4
2
163
180
170
109
121
155
132
108
38
85
118
250
228
214
42
43
234
141
215
9
46
216
153
97
101
226
254
186
161
4
67
0
10
229
0
9
77
118
225
211
103
243
9
213
164
199
73
247
13
88
191
21
208
34
201
188
186
25
98
114
205
188
240
140
235
107
210
234
27
251
103
252
173
198
9
54
151
102
223
174
179
207
87
235
172
126
6
20
68
71
230
244
161
6
116
37
222
167
147
131
85
31
230
244
78
240
48
111
29
74
225
60
54
205
185
138
116
83
147
45
92
53
88
55
14
150
218
205
44
83
63
31
220
178
102
186
161
120
1
201
13
67
225
149
247
164
46
112
74
134
15
120
222
151
88
66
15
206
91
97
111
243
179
220
247
57
18
119
161
119
129
201
57
103
224
78
251
220
76
242
37
134
150
71
32
210
203
219
71
212
94
234
99
76
242
212
165
116
191
79
228
159
10
44
223
2
152
117
199
143
220
50
214
27
175
124
198
23
61
199
132
103
132
200
188
134
36
84
11
123
98
254
98
111
114
18
23
157
20
146
123
159
196
71
106
52
63
152
204
184
16
72
153
238
12
121
226
25
12
247
118
30
66
88
116
19
28
101
151
15
50
45
220
43
43
62
141
220
29
56
221
227
61
42
50
89
40
194
50
194
183
99
29
105
245
103
186
36
126
25
175
160
189
139
142
39
180
128
118
202
106
131
222
94
23
81
168
40
27
121
1
8
214
54
244
86
86
228
243
188
126
139
203
86
103
193
220
240
93
144
147
152
190
128
183
126
152
197
211
62
62
174
52
201
12
165
228
238
138
83
220
232
44
239
15
206
181
6
150
47
6
127
185
170
186
143
235
151
253
158
127
34
144
217
249
176
154
121
141
4
39
26
168
202
73
68
32
101
200
75
45
225
157
85
249
130
131
135
123
216
223
174
58
104
191
193
35
91
215
17
193
198
114
0
9
101
100
248
42
146
70
199
165
14
233
16
113
81
57
118
144
45
201
132
195
147
161
164
140
211
207
175
115
114
62
229
1
89
21
200
185
40
148
73
76
166
10
92
140
215
170
126
229
113
83
163
3
132
175
139
13
146
43
93
178
190
33
98
151
46
118
44
210
93
158
70
69
217
221
38
149
131
112
207
36
119
22
90
13
244
169
19
31
66
110
144
244
143
102
60
209
2
68
115
23
230
111
95
49
238
52
117
90
156
204
96
125
123
71
98
76
68
142
139
178
55
196
245
2
119
22
100
182
94
191
49
191
44
193
140
108
151
46
75
166
135
254
18
150
167
239
24
71
113
32
45
193
7
54
31
122
8
6
111
76
180
123
192
91
83
102
10
83
237
153
6
188
74
239
222
95
52
47
130
79
66
191
113
191
106
193
177
13
100
193
211
230
0
215
155
233
205
106
16
215
173
111
241
27
32
235
35
139
28
214
227
149
167
216
240
51
232
116
215
64
219
43
48
26
230
32
241
231
136
182
57
95
68
68
180
208
42
18
94
222
86
35
140
224
61
198
238
194
253
76
124
217
215
45
137
85
61
204
104
252
120
157
99
185
143
221
4
97
127
163
97
187
130
241
215
233
155
81
84
158
22
63
182
63
84
223
88
154
53
130
232
119
179
225
123
13
183
99
58
220
141
199
109
245
25
237
228
201
74
189
159
16
234
203
141
147
4
2
97
168
6
112
194
181
51
83
1
7
144
147
98
42
12
51
24
50
166
11
188
32
224
64
9
125
179
216
116
27
18
18
198
33
209
209
93
118
136
65
13
244
20
247
243
149
230
98
114
148
147
221
254
113
182
199
248
108
124
59
84
48
239
24
218
236
68
8
59
217
189
35
240
255
162
193
83
107
188
223
193
51
7
84
96
181
163
181
112
72
241
125
246
131
127
208
194
34
245
47
174
172
239
130
68
97
63
187
76
163
102
56
161
130
146
54
124
198
70
2
106
127
138
234
109
51
110
81
168
201
112
135
34
110
227
157
200
98
23
181
243
94
157
44
191
77
250
167
122
104
175
52
179
39
142
159
183
95
141
185
172
193
240
86
200
42
94
109
212
10
235
142
41
252
217
108
177
160
164
213
166
26
57
161
177
174
219
231
126
207
159
102
178
145
30
207
114
187
22
29
219
77
151
100
178
141
233
176
158
102
194
211
79
211
113
28
2
89
39
26
26
6
142
83
79
172
141
77
177
184
221
92
171
39
11
200
197
191
181
236
89
130
154
145
11
84
163
98
13
174
137
78
61
71
60
84
135
129
183
223
152
112
150
188
105
123
113
73
168
128
218
199
43
149
98
190
41
155
125
206
143
223
107
38
25
32
87
162
3
17
245
202
89
191
251
84
243
90
47
18
174
193
35
132
139
74
132
59
146
25
25
203
219
113
191
36
247
210
94
224
110
151
135
222
93
206
138
85
195
114
201
48
94
47
77
142
208
162
252
196
182
169
143
99
141
222
135
50
160
81
20
111
56
198
60
184
247
58
75
58
161
173
82
59
212
135
69
208
164
238
60
186
186
66
237
154
119
229
127
138
182
29
241
78
97
201
254
40
167
145
129
240
128
5
89
176
245
212
96
143
67
161
62
82
143
227
225
145
76
37
246
209
27
231
14
81
90
20
55
56
238
73
46
236
73
242
144
127
20
152
32
46
59
103
245
0
238
173
128
219
225
155
187
49
247
57
83
120
249
193
27
209
123
217
254
93
214
193
173
109
186
139
9
185
210
130
20
34
26
76
34
21
134
137
172
202
122
92
18
123
34
117
40
145
29
126
213
55
249
138
249
223
254
28
180
165
104
109
175
160
253
67
141
27
115
231
167
78
80
7
244
116
155
159
101
134
199
233
244
105
168
39
159
137
171
211
216
3
35
16
154
148
199
213
2
147
77
102
204
144
17
40
184
188
4
171
66
193
87
118
226
3
134
56
206
102
32
170
164
107
12
234
14
0
85
241
32
174
151
215
122
140
59
25
19
137
249
109
96
125
41
234
146
159
114
105
104
43
199
181
23
58
128
219
115
162
158
172
249
200
17
234
53
57
181
211
127
40
207
105
168
176
175
155
190
36
153
27
52
166
153
153
169
200
80
205
0
5
51
139
190
101
199
26
53
233
213
236
33
93
48
32
190
98
104
116
16
188
40
218
170
38
128
203
115
39
62
148
99
171
252
213
25
233
3
129
11
215
65
251
238
82
10
36
133
20
17
116
90
112
127
221
82
9
111
124
29
65
235
41
112
142
42
57
88
93
28
105
123
1
186
237
26
97
84
253
79
114
166
149
3
21
39
121
20
4
2
116
236
134
120
6
183
109
187
73
238
45
244
50
194
125
183
197
180
55
234
148
48
243
2
233
72
53
130
0
45
207
102
74
142
180
107
211
188
190
145
61
190
42
79
243
132
72
137
24
190
37
148
27
154
253
73
131
47
170
85
45
80
66
149
85
108
104
11
40
107
45
236
97
196
35
119
48
106
188
127
90
172
206
37
20
160
176
238
234
18
133
105
206
46
50
188
81
102
122
71
106
39
43
62
106
234
203
121
63
100
105
155
39
5
160
196
50
138
97
75
44
142
61
62
139
227
63
189
232
143
145
200
37
108
149
221
195
143
205
32
58
85
202
227
220
179
201
218
11
79
64
184
35
138
142
199
232
126
35
183
68
116
98
178
242
199
79
93
76
232
126
121
99
183
129
227
221
89
53
92
47
89
151
83
173
223
175
169
211
77
205
20
245
142
160
99
138
52
56
35
26
211
105
157
75
51
151
135
204
205
230
254
255
110
89
196
38
64
47
26
129
11
56
151
246
210
208
163
184
171
235
3
157
71
30
190
132
44
131
164
247
255
17
73
230
31
85
41
142
232
79
95
182
104
205
116
190
48
70
1
19
192
151
102
241
147
74
127
190
40
20
135
21
56
113
128
27
33
146
100
16
7
196
169
48
129
208
236
110
0
9
70
119
158
239
254
179
33
248
200
167
138
112
155
244
101
236
100
113
201
109
11
24
193
16
206
47
226
250
239
76
68
6
229
16
26
95
179
114
86
144
9
118
146
215
25
49
16
81
230
192
204
137
137
238
80
40
24
150
162
78
238
78
46
155
68
180
196
177
24
223
171
154
245
185
22
248
106
110
26
252
126
181
224
85
122
228
179
62
113
159
175
128
101
252
241
174
138
10
75
172
61
228
152
245
17
242
242
76
208
86
60
12
93
206
147
49
80
134
64
247
233
56
3
125
249
13
53
18
255
142
38
170
41
113
190
145
115
187
128
197
183
181
45
52
75
237
90
146
70
41
218
92
117
75
140
187
63
62
160
161
135
25
206
11
248
188
168
57
36
91
167
172
14
41
153
27
221
255
183
19
114
146
205
254
111
246
56
207
45
139
52
60
209
48
17
186
189
7
17
116
189
46
11
236
251
27
90
48
155
218
84
83
224
234
111
216
202
156
230
209
173
20
50
255
97
137
141
244
204
0
134
14
133
235
116
156
146
195
53
61
223
252
77
206
145
246
96
168
110
189
66
27
117
88
124
195
143
96
228
156
34
89
31
106
165
97
122
245
157
110
112
31
77
127
171
99
119
125
140
186
244
180
7
68
110
200
112
149
45
193
198
187
14
127
17
222
179
94
29
192
220
43
241
158
110
173
25
103
43
159
153
196
27
36
53
101
81
171
18
151
66
126
42
90
228
208
126
97
173
245
133
198
233
248
64
4
132
164
135
163
13
191
24
161
252
189
6
25
135
121
106
32
48
88
37
188
125
170
128
19
194
154
106
37
206
123
56
50
17
142
94
1
126
12
183
177
45
94
29
233
161
111
168
65
74
29
28
190
243
132
87
223
26
252
204
151
160
123
183
31
90
160
129
223
197
184
208
189
208
90
10
89
221
166
106
183
71
76
247
212
53
170
77
99
28
242
243
76
18
86
129
142
138
54
11
149
177
45
189
185
176
61
185
1
143
87
200
137
5
4
205
144
240
167
232
65
74
37
18
1
118
134
82
210
17
47
66
17
39
91
87
99
142
160
24
149
182
81
157
29
8
36
253
4
158
5
9
63
98
204
108
29
88
135
127
94
204
11
244
42
57
38
41
122
176
151
238
108
255
33
167
200
204
234
26
27
93
203
230
89
170
237
54
243
180
52
2
136
29
226
117
38
51
34
68
86
236
227
174
218
35
248
7
186
66
217
112
173
153
68
2
175
27
159
170
95
132
225
96
218
31
100
210
73
16
242
67
81
0
45
227
6
208
52
204
224
155
218
59
252
1
205
222
110
125
120
17
8
202
64
94
73
108
180
0
139
141
182
143
55
188
5
115
29
215
131
149
249
134
138
176
215
106
84
90
99
157
173
72
188
213
144
143
16
101
10
170
5
246
240
208
141
221
21
63
111
143
166
200
58
219
197
190
2
160
113
190
14
184
101
35
90
16
79
181
79
184
45
221
67
214
219
77
192
56
248
8
34
13
5
119
111
167
157
118
23
28
247
215
219
151
210
167
197
30
75
20
137
112
248
19
167
222
16
220
8
88
62
163
77
104
236
122
63
76
30
93
138
19
76
216
191
218
245
52
145
187
252
53
8
172
173
175
233
9
180
37
149
107
155
213
131
231
11
65
47
18
112
62
249
225
132
49
156
179
240
14
88
147
149
227
39
86
97
237
25
167
88
168
103
19
238
230
17
227
26
56
222
212
215
68
25
145
56
65
195
148
35
174
59
220
98
24
171
121
169
148
111
51
62
138
20
120
35
183
56
27
235
215
167
84
218
164
28
242
128
130
34
181
209
232
47
16
145
214
19
145
38
36
31
29
176
233
122
136
49
18
104
182
183
146
223
105
69
240
48
71
131
207
113
129
85
224
144
248
208
218
141
29
22
172
36
88
28
37
178
96
183
76
105
91
66
0
190
195
17
242
201
152
73
174
71
244
17
76
111
218
63
204
128
7
135
150
222
34
206
167
117
29
24
130
139
136
24
145
106
68
93
86
245
92
25
128
70
193
42
183
225
183
129
4
120
171
63
222
83
162
203
76
14
106
24
69
169
61
187
12
59
177
130
97
131
233
176
189
171
98
139
248
47
220
77
250
241
96
248
102
37
116
162
79
216
128
229
147
215
60
28
102
28
206
44
16
93
167
96
97
166
140
84
140
248
137
10
125
172
74
236
18
135
250
151
134
170
45
250
228
163
32
164
154
96
89
216
73
39
254
236
65
219
30
12
189
230
210
0
3
173
191
24
225
142
112
162
205
153
178
42
221
253
158
192
164
108
159
160
58
10
110
38
221
114
220
24
198
94
54
245
3
129
137
154
46
198
199
96
137
121
180
71
234
57
250
3
167
175
91
48
39
66
88
213
210
20
39
62
214
143
131
195
60
243
141
231
241
223
31
107
9
213
18
46
156
227
181
44
242
150
147
233
203
187
169
49
185
194
210
21
27
236
84
33
40
228
118
213
124
179
186
84
127
174
141
247
80
52
116
203
7
144
251
175
241
146
71
51
59
212
202
177
228
216
105
126
218
124
181
112
255
60
8
193
155
119
118
245
194
190
238
105
27
164
125
160
165
131
134
191
20
162
245
183
94
114
48
187
157
185
34
103
97
41
105
179
149
132
93
31
41
140
161
125
206
212
49
6
208
121
177
173
187
195
226
13
100
192
18
95
146
55
37
147
124
217
134
98
163
21
6
249
123
123
19
149
19
24
117
176
162
174
81
4
17
124
70
120
94
158
129
11
76
211
25
32
171
246
63
81
9
139
19
247
18
0
112
219
85
50
110
238
70
78
244
29
100
37
29
174
39
153
137
72
252
195
162
94
228
43
47
126
58
229
156
96
68
105
173
116
218
31
13
82
167
116
207
17
45
56
20
176
46
153
109
228
157
58
191
96
139
129
99
164
142
69
76
205
4
52
106
5
23
78
66
214
39
147
180
246
128
158
24
163
17
20
177
128
150
39
33
232
239
144
141
152
44
147
203
13
190
116
214
236
91
51
16
150
238
240
219
174
61
177
98
64
76
196
238
25
254
155
212
56
142
112
147
249
186
185
208
92
111
129
92
186
211
43
59
58
144
221
87
135
165
222
114
118
140
215
64
67
159
185
195
163
18
52
48
21
3
248
243
215
197
115
92
121
191
251
249
91
96
72
22
243
239
140
226
154
185
13
196
162
140
192
185
32
14
123
187
228
131
217
212
35
89
224
77
193
32
182
51
254
188
17
220
191
29
234
150
219
13
126
138
60
147
138
128
205
30
107
231
6
209
233
179
102
36
124
105
22
12
130
117
96
73
24
210
53
207
8
134
113
161
151
217
194
94
246
125
187
251
10
186
85
64
125
140
2
221
93
8
31
196
228
22
142
119
132
237
47
29
110
211
20
236
146
10
15
213
109
92
248
211
157
148
10
44
212
4
187
7
71
36
188
162
147
159
50
93
250
194
14
30
215
255
36
111
133
62
96
89
147
224
31
52
73
18
151
25
213
7
95
213
61
121
233
55
21
45
121
128
73
153
206
144
91
11
123
45
165
241
168
190
137
138
146
121
68
142
153
5
156
28
183
94
92
151
110
166
106
75
71
0
141
164
201
43
11
7
178
40
11
104
114
178
124
207
221
141
175
90
195
137
73
31
139
179
225
87
57
111
119
127
183
98
154
32
75
200
63
206
143
115
12
243
104
180
203
248
177
211
102
209
129
63
161
109
85
138
223
246
249
135
199
60
185
93
10
223
28
133
95
196
185
91
197
142
31
122
229
119
148
21
60
94
172
92
211
247
199
104
230
204
85
125
253
114
185
134
106
203
177
20
74
220
195
247
51
69
91
221
194
76
246
154
133
133
125
64
73
40
28
67
136
167
230
241
43
198
173
157
168
28
103
237
226
77
235
167
121
132
205
211
226
52
178
13
207
39
191
204
161
102
117
198
234
26
0
202
103
112
74
146
114
8
254
38
39
122
227
192
32
194
227
184
120
26
40
245
72
84
79
240
32
141
124
234
67
163
5
55
109
189
72
152
232
28
227
71
59
29
3
163
79
170
154
234
96
79
142
159
137
10
216
13
156
7
187
101
184
39
75
89
20
156
119
89
17
12
21
203
186
166
35
145
45
9
15
188
163
158
155
127
210
149
188
162
217
211
209
60
141
66
5
143
237
6
111
155
86
178
254
15
123
13
8
170
10
255
155
251
160
7
139
111
100
165
136
163
68
79
104
142
245
174
98
168
222
46
94
51
252
136
75
51
67
100
51
40
127
90
242
109
127
135
77
145
239
1
218
148
137
159
39
65
180
251
176
162
6
135
56
33
112
114
120
159
84
77
22
98
136
73
120
219
198
212
87
117
86
65
140
175
38
73
1
196
57
56
33
138
130
89
152
139
25
250
205
255
198
253
51
114
205
204
26
140
86
141
20
30
90
152
181
113
237
149
126
60
47
99
237
102
52
223
84
117
222
50
79
130
11
133
144
51
8
226
237
222
188
188
98
137
233
75
9
204
40
188
157
14
182
94
69
193
16
71
99
145
227
218
175
102
224
130
132
62
13
155
147
186
198
104
91
125
197
23
146
71
180
240
255
68
83
35
17
168
61
62
16
61
186
151
203
169
62
96
152
72
104
144
203
128
143
162
228
235
169
250
37
65
187
191
53
194
164
26
216
215
220
61
64
130
66
162
79
129
133
221
9
125
101
9
251
149
14
148
252
70
74
112
134
96
47
156
155
223
236
18
117
49
134
196
35
250
201
123
144
11
163
28
108
194
65
145
193
248
165
255
81
96
226
250
217
133
234
209
169
85
27
30
221
99
116
50
24
116
208
138
86
54
37
52
84
86
240
19
33
130
236
176
137
203
154
169
69
217
225
248
184
46
229
26
22
86
182
189
245
48
89
114
44
80
59
26
100
88
30
214
164
233
249
14
80
135
182
75
206
90
178
232
207
106
65
35
26
85
57
23
32
57
10
4
49
232
33
78
108
28
64
225
67
235
182
152
125
229
240
77
103
29
211
68
78
57
144
67
90
247
225
197
167
208
60
113
32
254
38
76
148
239
255
143
216
39
118
98
123
251
165
235
46
104
180
192
192
47
200
14
204
250
204
165
247
93
118
57
111
111
25
27
179
178
216
9
202
196
46
159
189
102
154
10
236
162
60
220
100
220
34
99
214
86
139
83
166
196
34
191
97
234
171
207
252
99
63
84
25
165
173
133
243
164
216
229
157
212
166
64
85
195
39
255
144
53
206
190
54
209
89
223
205
194
102
25
45
137
59
83
96
52
171
15
125
170
54
156
60
128
60
57
247
250
199
42
137
197
170
11
65
253
197
63
203
20
236
243
185
224
59
204
204
26
217
223
194
140
244
151
111
126
35
215
209
37
252
203
101
141
134
64
207
215
62
98
194
20
142
32
254
61
53
205
152
71
183
182
29
19
93
174
23
38
26
26
69
200
233
41
163
128
0
8
134
187
24
171
119
177
13
250
27
124
232
103
39
15
217
122
13
61
142
162
148
170
216
106
172
77
67
136
63
49
56
210
140
142
239
215
189
108
90
119
172
216
176
177
189
108
245
241
135
109
146
44
242
215
7
236
248
93
87
154
239
170
31
133
219
140
207
21
220
203
246
232
96
2
190
122
86
239
152
61
180
222
117
210
142
156
149
201
238
241
25
177
178
204
202
107
194
108
49
9
115
101
160
124
73
84
25
224
175
120
132
229
60
107
217
68
136
45
140
22
90
92
153
172
103
147
147
157
132
110
217
46
179
31
1
29
136
116
183
136
254
211
114
154
150
206
100
240
202
163
112
4
148
162
172
213
37
46
51
92
21
110
71
212
62
55
53
152
14
105
115
171
87
2
233
12
2
42
19
98
1
254
187
224
117
86
5
156
135
242
60
62
74
117
136
158
94
246
124
130
32
0
234
77
225
178
242
201
250
254
138
150
240
128
236
174
202
78
179
228
254
145
186
247
131
185
167
86
69
171
48
58
214
174
183
131
33
61
45
158
87
183
39
170
109
199
147
102
93
213
59
23
48
86
31
59
134
72
31
177
224
151
68
43
144
14
37
85
121
235
247
54
216
199
11
107
206
75
6
94
203
31
132
162
6
171
188
135
2
83
128
122
198
167
243
150
26
62
186
15
245
70
218
134
250
205
53
92
56
94
184
193
34
45
77
61
29
174
181
87
4
105
251
116
132
76
14
101
87
139
76
83
164
181
158
50
86
182
218
65
124
133
190
165
13
17
57
147
23
244
56
154
172
123
129
214
209
234
131
187
122
120
98
129
160
212
11
171
103
41
33
172
74
174
249
134
34
15
108
223
49
17
7
155
106
193
176
160
151
190
200
220
62
74
236
156
158
107
242
108
112
192
240
238
145
143
118
198
4
47
212
236
90
87
86
168
217
151
244
117
241
152
171
132
145
102
56
31
131
171
18
211
101
126
51
202
9
250
28
77
135
141
51
172
143
238
10
66
235
194
36
162
96
36
4
61
244
140
158
226
26
49
183
76
167
113
68
13
122
125
140
11
6
51
234
240
103
135
82
163
143
191
99
102
234
240
146
76
112
48
81
123
213
130
1
205
255
86
39
245
19
52
162
159
3
60
117
59
102
53
185
81
63
47
166
242
175
119
247
211
77
156
181
119
165
93
52
154
108
177
121
186
66
195
182
202
179
24
118
251
62
118
202
58
209
124
16
10
86
225
157
155
126
177
252
176
42
46
102
220
54
100
155
57
65
33
231
139
238
246
64
218
251
55
50
64
118
191
91
131
9
253
220
33
197
224
78
246
187
225
196
73
154
194
131
15
220
6
48
105
195
208
64
170
55
253
220
132
35
200
167
188
167
83
237
216
21
97
98
186
143
142
67
156
219
121
49
80
48
238
253
58
149
146
24
157
164
75
118
84
93
126
59
112
238
102
213
91
135
15
37
128
114
252
112
78
54
57
54
209
86
207
178
104
255
119
175
181
71
166
57
19
244
9
52
189
182
16
226
73
6
14
218
217
142
88
37
54
143
189
108
131
39
139
19
145
71
2
14
9
52
13
190
179
81
154
70
145
239
185
149
20
52
3
37
200
199
190
229
127
139
253
245
224
15
88
23
239
56
17
21
69
25
114
93
77
83
210
14
9
57
152
211
84
221
233
69
56
26
231
14
237
118
190
210
248
200
81
57
23
44
50
112
62
114
152
56
39
55
34
205
10
245
35
142
248
118
223
172
224
204
122
245
129
20
152
142
246
106
214
61
230
166
234
16
11
68
16
15
111
142
